-3.0 -1.732 1.732 -1.5 -1.732 1.732 -2.25 -1.732 0.433
-1.5 -1.732 1.732 -0.75 -1.732 0.433 0.0 -1.732 1.732
-2.25 -1.732 0.433 -1.5 -1.732 -0.866 -0.75 -1.732 0.433
-1.5 -1.732 -0.866 -0.75 -1.732 -2.165 0.0 -1.732 -0.866
-0.75 -1.732 -2.165 0.75 -1.732 -2.165 0.0 -1.732 -3.464
0.0 -1.732 -0.866 1.5 -1.732 -0.866 0.75 -1.732 -2.165
0.0 -1.732 1.732 0.75 -1.732 0.433 1.5 -1.732 1.732
0.75 -1.732 0.433 2.25 -1.732 0.433 1.5 -1.732 -0.866
1.5 -1.732 1.732 3.0 -1.732 1.732 2.25 -1.732 0.433
-3.0 -1.732 1.732 -1.5 -1.732 1.732 -2.25 -0.433 1.299
-1.5 -1.732 1.732 -0.75 -0.433 1.299 0.0 -1.732 1.732
-2.25 -0.433 1.299 -1.5 0.866 0.866 -0.75 -0.433 1.299
-1.5 0.866 0.866 -0.75 2.165 0.433 0.0 0.866 0.866
-0.75 2.165 0.433 0.75 2.165 0.433 0.0 3.464 0.0
0.0 0.866 0.866 1.5 0.866 0.866 0.75 2.165 0.433
0.0 -1.732 1.732 0.75 -0.433 1.299 1.5 -1.732 1.732
0.75 -0.433 1.299 2.25 -0.433 1.299 1.5 0.866 0.866
1.5 -1.732 1.732 3.0 -1.732 1.732 2.25 -0.433 1.299
-3.0 -1.732 1.732 -2.25 -1.732 0.433 -2.25 -0.433 1.299
-2.25 -1.732 0.433 -1.5 -0.433 0.0 -1.5 -1.732 -0.866
-2.25 -0.433 1.299 -1.5 0.866 0.866 -1.5 -0.433 0.0
-1.5 0.866 0.866 -0.75 2.165 0.433 -0.75 0.866 -0.433
-0.75 2.165 0.433 0.0 2.165 -0.866 0.0 3.464 0.0
-0.75 0.866 -0.433 0.0 0.866 -1.732 0.0 2.165 -0.866
-1.5 -1.732 -0.866 -0.75 -0.433 -1.299 -0.75 -1.732 -2.165
-0.75 -0.433 -1.299 0.0 -0.433 -2.598 0.0 0.866 -1.732
-0.75 -1.732 -2.165 0.0 -1.732 -3.464 0.0 -0.433 -2.598
3.0 -1.732 1.732 2.25 -1.732 0.433 2.25 -0.433 1.299
2.25 -1.732 0.433 1.5 -0.433 0.0 1.5 -1.732 -0.866
2.25 -0.433 1.299 1.5 0.866 0.866 1.5 -0.433 0.0
1.5 0.866 0.866 0.75 2.165 0.433 0.75 0.866 -0.433
0.75 2.165 0.433 0.0 2.165 -0.866 0.0 3.464 0.0
0.75 0.866 -0.433 0.0 0.866 -1.732 0.0 2.165 -0.866
1.5 -1.732 -0.866 0.75 -0.433 -1.299 0.75 -1.732 -2.165
0.75 -0.433 -1.299 0.0 -0.433 -2.598 0.0 0.866 -1.732
0.75 -1.732 -2.165 0.0 -1.732 -3.464 0.0 -0.433 -2.598